CleanedData/Products/Reports/Süd14/Süd14_4_Report/Süd14_4.asc
NCOLS 70
NROWS 16.0
XLLCORNER 0 
YLLCORNER 0  
CELLSIZE 10 
NODATA_VALUE -9999
0 0 0 0 0 0 0 0 0 0 0 0 0 0 0 0 0 0 0 0 0 0 0 0 0 0 0 0 0 0 0 0 0 0 0 0 3 11 20 30 43 59 80 100 100 100 100 100 100 100 100 99 0 0 0 0 0 0 0 0 0 0 0 0 0 0 0 0 0 0
0 0 0 0 0 0 0 0 0 0 0 0 0 0 0 0 0 0 0 0 0 0 0 0 0 0 0 0 0 0 0 0 0 0 0 0 0 0 0 0 0 0 0 10 29 58 100 100 100 100 100 100 0 0 0 0 0 0 0 0 0 0 0 0 0 0 0 0 0 0
0 0 0 0 0 0 0 0 0 0 0 0 0 0 0 0 0 0 0 0 0 0 0 0 0 0 0 0 0 0 0 0 0 0 0 0 0 0 0 0 0 0 0 0 0 0 0 0 0 16 100 100 0 0 0 0 0 0 0 0 0 0 0 0 0 0 0 0 0 0
0 0 0 0 0 0 0 0 0 0 0 0 0 0 0 0 0 0 0 0 0 0 0 0 0 0 0 0 0 0 0 0 0 0 0 0 0 0 0 0 0 0 0 0 0 0 0 0 0 0 100 100 6 0 0 0 0 0 0 0 0 0 0 0 0 0 0 0 0 0
0 0 0 0 0 0 0 0 0 0 0 0 0 0 0 0 0 0 0 0 0 0 0 0 0 0 0 0 0 0 0 1 2 4 6 9 11 14 18 23 28 35 43 54 69 91 100 100 100 100 100 100 100 0 0 0 0 0 0 0 0 0 0 0 0 0 0 0 0 0
0 0 0 0 0 0 0 0 0 1 0 2 2 3 4 4 5 6 7 8 9 11 12 14 15 17 19 21 23 25 28 31 34 38 42 47 53 59 67 75 86 99 100 100 100 100 100 100 100 100 100 100 100 10 0 0 0 0 0 0 0 0 0 0 0 0 0 0 0 0
0 7 7 9 10 11 11 11 14 14 14 15 17 18 20 21 22 24 25 27 29 30 32 35 37 40 42 45 49 52 56 61 66 71 78 85 92 100 100 100 100 100 100 100 100 100 100 100 100 100 100 100 100 12 6 0 0 0 0 0 0 0 0 0 0 0 0 0 0 0
0 20 20 20 22 23 23 26 26 27 29 31 32 33 35 37 39 40 43 45 47 50 52 55 59 62 66 70 74 79 84 90 96 100 100 100 100 100 100 100 100 100 100 100 100 100 100 100 100 100 100 100 100 96 7 0 0 0 0 0 0 0 0 0 0 0 0 0 0 0
0 30 33 32 33 35 37 38 40 41 43 44 46 49 51 52 55 57 60 63 66 69 72 76 80 84 89 93 99 100 100 100 100 100 100 100 100 100 100 100 100 100 100 100 100 100 100 100 100 100 100 100 100 99 0 0 0 0 0 0 0 0 0 0 0 0 0 0 0 0
0 43 43 45 46 48 50 51 53 56 57 59 61 63 66 69 71 74 78 81 84 87 91 96 100 100 100 100 100 100 100 100 100 100 100 100 100 100 100 100 100 100 100 100 100 100 100 100 100 100 100 100 100 100 0 0 0 0 0 0 0 0 0 0 0 0 0 0 0 0
0 53 54 58 59 61 61 64 66 69 71 72 75 78 81 84 87 90 94 98 100 100 100 100 100 100 100 100 100 100 100 100 100 100 100 100 100 100 100 100 100 100 100 100 100 100 100 100 100 100 100 100 100 100 35 0 0 0 0 0 0 0 0 0 0 0 0 0 0 0
0 65 67 68 71 72 74 76 80 81 85 87 90 92 96 98 100 100 100 100 100 100 100 100 100 100 100 100 100 100 100 100 100 100 100 100 100 100 100 100 100 100 100 100 100 100 100 100 100 100 100 100 100 100 97 0 0 0 0 0 0 0 0 0 0 0 0 0 0 0
72 76 78 80 82 83 88 90 91 94 98 100 100 100 100 100 100 100 100 100 100 100 100 100 100 100 100 100 100 100 100 100 100 100 100 100 100 100 100 100 100 100 100 100 100 100 100 100 100 100 100 100 100 100 99 0 0 0 0 0 0 0 0 0 0 0 0 0 0 0
0 86 88 92 93 96 98 100 100 100 100 100 100 100 100 100 100 100 100 100 100 100 100 100 100 100 100 100 100 100 100 100 100 100 100 100 100 100 100 100 100 100 100 100 100 100 100 100 100 100 100 100 100 100 100 0 0 0 0 0 0 0 0 0 0 0 0 0 0 0
0 99 99 100 100 100 100 100 100 100 100 100 100 100 100 100 100 100 100 100 100 100 100 100 100 100 100 100 100 100 100 100 100 100 100 100 100 100 100 100 100 100 100 100 100 100 100 100 100 100 100 100 100 100 100 98 0 0 0 0 0 0 0 0 0 0 0 0 0 0
0 100 100 100 100 100 100 100 100 100 100 100 100 100 100 100 100 100 100 100 100 100 100 100 100 100 100 100 100 100 100 100 100 100 100 100 100 100 100 100 100 100 100 100 100 100 100 100 100 100 100 100 100 100 100 98 0 0 0 0 0 0 0 0 0 0 0 0 0 0
