CleanedData/Products/Reports/Süd15/Süd15_4_Report/Süd15_4.asc
NCOLS 70
NROWS 16.0
XLLCORNER 0 
YLLCORNER 0  
CELLSIZE 10 
NODATA_VALUE -9999
0 0 0 0 0 0 0 0 0 0 0 0 0 0 0 0 0 0 0 0 0 0 0 0 0 0 0 0 0 0 0 0 0 0 0 0 0 0 0 0 0 0 0 0 0 4 61 100 100 100 100 100 100 98 0 0 0 0 0 0 0 0 0 0 0 0 0 0 0 0
0 0 0 0 0 0 0 0 0 0 0 0 0 0 0 0 0 0 0 0 0 0 0 0 0 0 0 0 0 0 0 0 0 0 0 0 0 0 0 0 0 0 0 0 0 0 0 0 0 20 100 100 100 100 97 0 0 0 0 0 0 0 0 0 0 0 0 0 0 0
0 0 0 0 0 0 0 0 0 0 0 0 0 0 0 0 0 0 0 0 0 0 0 0 0 0 0 0 0 0 0 0 0 0 0 0 0 0 0 0 0 0 0 0 0 0 0 0 0 0 0 0 0 100 99 0 0 0 0 0 0 0 0 0 0 0 0 0 0 0
0 0 0 0 0 0 0 0 0 0 0 0 0 0 0 0 0 0 0 0 0 0 0 0 0 0 0 0 0 0 0 0 0 0 0 0 0 0 0 0 0 0 0 0 0 0 0 0 0 0 0 0 0 100 100 99 0 0 0 0 0 0 0 0 0 0 0 0 0 0
0 0 0 0 0 0 0 0 0 0 0 0 0 0 0 0 0 0 0 0 0 0 0 0 0 0 0 0 0 0 0 0 0 0 0 0 0 0 0 0 0 0 9 19 30 46 66 93 100 100 100 100 100 100 100 99 10 0 0 0 0 0 0 0 0 0 0 0 0 0
0 0 0 0 0 0 0 0 0 0 0 0 0 0 0 0 0 0 0 0 0 0 1 1 1 1 1 1 5 5 12 16 17 24 31 34 44 52 61 72 82 97 100 100 100 100 100 100 100 100 100 100 100 100 100 99 97 7 0 0 0 0 0 0 0 0 0 0 0 0
0 1 0 0 1 0 1 2 2 2 2 3 3 5 4 9 9 8 12 14 20 24 27 27 30 37 40 46 49 52 58 68 74 82 90 98 100 100 100 100 100 100 100 100 100 100 100 100 100 100 100 100 100 100 100 100 99 95 5 0 0 0 0 0 0 0 0 0 0 0
0 5 12 15 12 10 15 19 22 22 22 29 26 29 37 36 40 43 49 47 55 54 63 69 70 74 81 88 91 99 100 100 100 100 100 100 100 100 100 100 100 100 100 100 100 100 100 100 100 100 100 100 100 100 100 100 99 97 1 0 0 0 0 0 0 0 0 0 0 0
0 29 32 34 34 42 40 45 47 48 48 53 57 58 64 68 70 76 79 79 89 88 97 100 100 100 100 100 100 100 100 100 100 100 100 100 100 100 100 100 100 100 100 100 100 100 100 100 100 100 100 100 100 100 100 100 99 98 96 0 0 0 0 0 0 0 0 0 0 0
0 53 58 53 55 65 64 70 72 73 73 78 80 87 91 92 98 99 100 100 100 100 100 100 100 100 100 100 100 100 100 100 100 100 100 100 100 100 100 100 100 100 100 100 100 100 100 100 100 100 100 100 100 100 100 100 99 99 97 29 0 0 0 0 0 0 0 0 0 0
0 77 76 83 85 87 87 92 95 96 100 100 100 100 100 100 100 100 100 100 100 100 100 100 100 100 100 100 100 100 100 100 100 100 100 100 100 100 100 100 100 100 100 100 100 100 100 100 100 100 100 100 100 100 100 100 99 99 98 97 1 0 0 0 0 0 0 0 0 0
0 89 98 97 100 100 100 100 100 100 100 100 100 100 100 100 100 100 100 100 100 100 100 100 100 100 100 100 100 100 100 100 100 100 100 100 100 100 100 100 100 100 100 100 100 100 100 100 100 100 100 100 100 100 100 100 99 99 98 98 96 0 0 0 0 0 0 0 0 0
100 100 100 100 100 100 100 100 100 100 100 100 100 100 100 100 100 100 100 100 100 100 100 100 100 100 100 100 100 100 100 100 100 100 100 100 100 100 100 100 100 100 100 100 100 100 100 100 100 100 100 100 100 100 100 100 99 99 99 98 97 1 0 0 0 0 0 0 0 0
0 100 100 100 100 100 100 100 100 100 100 100 100 100 100 100 100 100 100 100 100 100 100 100 100 100 100 100 100 100 100 100 100 100 100 100 100 100 100 100 100 100 100 100 100 100 100 100 100 100 100 100 100 100 100 100 99 99 99 98 98 97 1 0 0 0 0 0 0 0
0 100 100 100 100 100 100 100 100 100 100 100 100 100 100 100 100 100 100 100 100 100 100 100 100 100 100 100 100 100 100 100 100 100 100 100 100 100 100 100 100 100 100 100 100 100 100 100 100 100 100 100 100 100 100 100 99 99 99 99 98 98 93 0 0 0 0 0 0 0
0 100 100 100 100 100 100 100 100 100 100 100 100 100 100 100 100 100 100 100 100 100 100 100 100 100 100 100 100 100 100 100 100 100 100 100 100 100 100 100 100 100 100 100 100 100 100 100 100 100 100 100 100 100 100 100 99 99 99 99 98 98 98 1 0 0 0 0 0 0
