CleanedData/Products/Reports/Süd15/Süd15_2_Report/Süd15_2.asc
NCOLS 70
NROWS 16.0
XLLCORNER 0 
YLLCORNER 0  
CELLSIZE 10 
NODATA_VALUE -9999
0 0 0 0 0 0 0 0 0 0 0 0 0 0 0 0 0 0 0 0 0 0 0 0 0 0 0 0 0 0 0 0 0 0 0 0 0 0 0 0 0 0 0 0 0 0 43 98 98 98 98 98 97 95 12 0 0 0 0 0 0 0 0 0 0 0 0 0 0 0
0 0 0 0 0 0 0 0 0 0 0 0 0 0 0 0 0 0 0 0 0 0 0 0 0 0 0 0 0 0 0 0 0 0 0 0 0 0 0 0 0 0 0 0 0 0 0 0 0 4 98 98 98 97 94 0 0 0 0 0 0 0 0 0 0 0 0 0 0 0
0 0 0 0 0 0 0 0 0 0 0 0 0 0 0 0 0 0 0 0 0 0 0 0 0 0 0 0 0 0 0 0 0 0 0 0 0 0 0 0 0 0 0 0 0 0 0 0 0 0 0 0 0 98 98 3 0 0 0 0 0 0 0 0 0 0 0 0 0 0
0 0 0 0 0 0 0 0 0 0 0 0 0 0 0 0 0 0 0 0 0 0 0 0 0 0 0 0 0 0 0 0 0 0 0 0 0 0 0 0 0 0 0 0 0 0 0 0 0 0 0 0 0 99 100 99 0 0 0 0 0 0 0 0 0 0 0 0 0 0
0 0 0 0 0 0 0 0 0 0 0 0 0 0 0 0 0 0 0 0 0 0 0 0 0 0 0 0 0 0 0 0 0 0 0 0 0 0 0 0 3 10 18 28 40 54 72 96 99 99 99 99 99 99 99 98 34 0 0 0 0 0 0 0 0 0 0 0 0 0
0 0 0 0 0 0 0 0 0 0 0 0 0 0 0 0 0 0 0 0 0 0 0 0 1 1 4 5 10 12 18 22 25 30 37 42 49 57 65 75 87 98 99 99 99 99 99 99 99 99 99 99 99 99 99 98 96 12 0 0 0 0 0 0 0 0 0 0 0 0
0 0 0 0 0 0 0 1 1 2 3 2 5 7 5 11 14 13 16 19 24 27 30 31 35 41 44 49 53 58 63 70 76 84 92 98 99 99 99 99 99 99 99 99 99 99 99 99 99 99 99 99 99 99 99 98 96 92 10 1 0 0 0 0 0 0 0 0 0 0
0 7 12 13 16 14 20 21 23 25 27 29 29 32 37 40 43 45 49 50 56 58 64 69 72 77 82 89 94 98 99 99 99 99 99 99 99 99 99 99 99 99 99 99 99 99 99 99 99 99 99 99 99 99 98 98 97 95 24 3 0 0 0 0 0 0 0 0 0 0
0 30 34 36 36 40 42 44 47 49 50 55 58 60 64 67 72 75 79 81 87 90 96 99 99 99 99 99 99 99 99 99 99 99 99 99 99 99 99 99 99 99 99 99 99 99 99 99 99 99 99 99 99 99 98 98 97 96 93 5 3 0 0 0 0 0 0 0 0 0
0 52 54 54 57 61 65 67 70 73 74 78 80 87 90 93 97 98 99 99 99 99 99 99 99 99 99 99 99 99 99 99 99 99 99 99 99 99 99 99 99 99 99 99 99 99 99 99 99 99 99 99 99 99 98 98 97 96 95 91 4 3 0 0 0 0 0 0 0 0
0 71 75 76 80 81 87 89 91 95 98 99 99 99 99 99 99 99 99 99 99 99 99 99 99 99 99 99 99 99 99 99 99 99 99 99 99 99 99 99 99 99 99 99 99 99 99 99 99 99 99 99 99 99 98 98 97 96 96 94 35 4 2 0 0 0 0 0 0 0
0 89 94 96 98 99 99 99 99 99 99 99 99 99 99 99 99 99 99 99 99 99 99 99 99 99 99 99 99 99 99 99 99 99 99 99 99 99 99 99 99 99 99 99 99 99 99 99 99 99 99 99 99 98 98 98 97 97 96 95 92 5 4 2 0 0 0 0 0 0
99 99 99 99 99 99 99 99 99 99 99 99 99 99 99 99 99 99 99 99 99 99 99 99 99 99 99 99 99 99 99 99 99 99 99 99 99 99 99 99 99 99 99 99 99 99 99 99 99 99 99 99 99 98 98 98 97 97 96 95 94 91 5 3 2 0 0 0 0 0
0 99 99 99 99 99 99 99 99 99 99 99 99 99 99 99 99 99 99 99 99 99 99 99 99 99 99 99 99 99 99 99 99 99 99 99 99 99 99 99 99 99 99 99 99 99 99 99 99 99 99 99 99 98 98 98 97 97 96 96 95 93 76 4 3 0 0 0 0 0
0 99 99 99 99 99 99 99 99 99 99 99 99 99 99 99 99 99 99 99 99 99 99 99 99 99 99 99 99 99 99 99 99 99 99 99 99 99 99 99 99 99 99 99 99 99 99 99 99 99 99 99 98 98 98 98 97 97 96 96 95 94 92 6 4 3 1 0 0 0
0 99 99 99 99 99 99 99 99 99 99 99 99 99 99 99 99 99 99 99 99 99 99 99 99 99 99 99 99 99 99 99 99 99 99 99 99 99 99 99 99 99 99 99 99 99 99 99 99 99 99 99 98 98 98 98 97 97 96 96 96 95 94 91 5 4 3 1 0 0
